1767623151361 0.001 0
1767623162877 0.001 1
1767623174471 0.001 2
1767623186038 0.001 3
1767623197560 0.001 4
1767623209222 0.001 5
1767623220787 0.001 6
1767623232386 0.001 7
1767623244070 0.001 8
1767623255739 0.001 9
1767623267196 0.001 10
1767623278811 0.001 11
1767623290586 0.001 12
1767623302162 0.001 13
1767623313724 0.001 14
1767623325185 0.001 15
1767623336783 0.001 16
1767623348454 0.001 17
1767623360251 0.001 18
1767623371869 0.001 19
1767623383522 0.001 20
1767623395096 0.0005 21
1767623406736 0.0005 22
1767623418305 0.0005 23
1767623429966 0.0005 24
1767623441431 0.0005 25
1767623151361 0.001 0
