1767623151361 0.2537609595805407 0
1767623162877 0.2484538996592164 1
1767623174471 0.24740071343258024 2
1767623186038 0.24739706479012966 3
1767623197560 0.2473626929335296 4
1767623209222 0.24715647576376795 5
1767623220787 0.24669166347011923 6
1767623232386 0.246320166811347 7
1767623244070 0.24641825994476677 8
1767623255739 0.24578884532675147 9
1767623267196 0.24634217154234647 10
1767623278811 0.24617230631411074 11
1767623290586 0.24578192355111242 12
1767623302162 0.2458803047426045 13
1767623313724 0.24549234611913562 14
1767623325185 0.245744716655463 15
1767623336783 0.245392638258636 16
1767623348454 0.2456175678409636 17
1767623360251 0.24513289546594025 18
1767623371869 0.2449834152124822 19
1767623383522 0.24495266750454903 20
1767623395096 0.2451841368339956 21
1767623406736 0.2446006117388606 22
1767623418305 0.24447202319279313 23
1767623429966 0.24435374783352018 24
1767623441431 0.24440283551812172 25
1767623151361 0.2537609595805407 0
